function h = lcs(m)
%LCS is a white-blue-red-yellow colormap.
%Good for highlighting low values.

%            R                              G                      B
h = [                    1                         1                         1
         0.988095223903656         0.988095223903656                         1
         0.976190447807312         0.976190447807312                         1
         0.964285731315613         0.964285731315613                         1
         0.952380955219269         0.952380955219269                         1
         0.940476179122925         0.940476179122925                         1
         0.928571403026581         0.928571403026581                         1
         0.916666686534882         0.916666686534882                         1
         0.904761910438538         0.904761910438538                         1
         0.892857134342194         0.892857134342194                         1
          0.88095235824585          0.88095235824585                         1
          0.86904764175415          0.86904764175415                         1
         0.857142865657806         0.857142865657806                         1
         0.845238089561462         0.845238089561462                         1
         0.833333313465118         0.833333313465118                         1
         0.821428596973419         0.821428596973419                         1
         0.809523820877075         0.809523820877075                         1
         0.797619044780731         0.797619044780731                         1
         0.785714268684387         0.785714268684387                         1
         0.773809552192688         0.773809552192688                         1
         0.761904776096344         0.761904776096344                         1
                      0.75                      0.75                         1
         0.738095223903656         0.738095223903656                         1
         0.726190447807312         0.726190447807312                         1
         0.714285731315613         0.714285731315613                         1
         0.702380955219269         0.702380955219269                         1
         0.690476179122925         0.690476179122925                         1
         0.678571403026581         0.678571403026581                         1
         0.666666686534882         0.666666686534882                         1
         0.654761910438538         0.654761910438538                         1
         0.642857134342194         0.642857134342194                         1
          0.63095235824585          0.63095235824585                         1
          0.61904764175415          0.61904764175415                         1
         0.607142865657806         0.607142865657806                         1
         0.595238089561462         0.595238089561462                         1
         0.583333313465118         0.583333313465118                         1
         0.571428596973419         0.571428596973419                         1
         0.559523820877075         0.559523820877075                         1
         0.547619044780731         0.547619044780731                         1
         0.535714268684387         0.535714268684387                         1
         0.523809552192688         0.523809552192688                         1
         0.511904776096344         0.511904776096344                         1
                       0.5                       0.5                         1
         0.488095223903656         0.488095223903656                         1
         0.476190477609634         0.476190477609634                         1
          0.46428570151329          0.46428570151329                         1
         0.452380955219269         0.452380955219269                         1
         0.440476179122925         0.440476179122925                         1
         0.428571432828903         0.428571432828903                         1
         0.416666656732559         0.416666656732559                         1
         0.404761910438538         0.404761910438538                         1
         0.392857134342194         0.392857134342194                         1
         0.380952388048172         0.380952388048172                         1
         0.369047611951828         0.369047611951828                         1
         0.357142865657806         0.357142865657806                         1
         0.345238089561462         0.345238089561462                         1
         0.333333343267441         0.333333343267441                         1
         0.321428567171097         0.321428567171097                         1
         0.309523820877075         0.309523820877075                         1
         0.297619044780731         0.297619044780731                         1
          0.28571429848671          0.28571429848671                         1
         0.273809522390366         0.273809522390366                         1
         0.261904776096344         0.261904776096344                         1
                      0.25                      0.25                         1
         0.238095238804817         0.238095238804817                         1
         0.226190477609634         0.226190477609634                         1
         0.214285716414452         0.214285716414452                         1
         0.202380955219269         0.202380955219269                         1
         0.190476194024086         0.190476194024086                         1
         0.178571432828903         0.178571432828903                         1
          0.16666667163372          0.16666667163372                         1
         0.154761910438538         0.154761910438538                         1
         0.142857149243355         0.142857149243355                         1
         0.130952388048172         0.130952388048172                         1
         0.119047619402409         0.119047619402409                         1
         0.107142858207226         0.107142858207226                         1
         0.095238097012043         0.095238097012043                         1
        0.0833333358168602        0.0833333358168602                         1
        0.0714285746216774        0.0714285746216774                         1
        0.0595238097012043        0.0595238097012043                         1
        0.0476190485060215        0.0476190485060215                         1
        0.0357142873108387        0.0357142873108387                         1
        0.0238095242530108        0.0238095242530108                         1
        0.0119047621265054        0.0119047621265054                         1
                         0                         0                         1
        0.0117647061124444                         0         0.988235294818878
        0.0235294122248888                         0         0.976470589637756
        0.0352941192686558                         0         0.964705884456635
        0.0470588244497776                         0         0.952941179275513
        0.0588235296308994                         0         0.941176474094391
        0.0705882385373116                         0         0.929411768913269
        0.0823529437184334                         0         0.917647063732147
        0.0941176488995552                         0         0.905882358551025
         0.105882354080677                         0         0.894117653369904
         0.117647059261799                         0         0.882352948188782
         0.129411771893501                         0          0.87058824300766
         0.141176477074623                         0         0.858823537826538
         0.152941182255745                         0         0.847058832645416
         0.164705887436867                         0         0.835294127464294
